23339074
58201910
10889156
115501221
35824409
134884423
57846937
65178314
108164886
62599639
23769931
91050183
129368275
30022666
29534144
56106344
38683579
39246762
30350935
139923997
22798006
28905875
29197363
31480508
43776215
27895931
182585808
41437811
29559271
45745333
29573241
43215063
460389
34215577
159146575
31976785
42968101
25181411
63731512
53845179
32370614
58689337
22822305
58170807
93653481
43140829
22942343
36147615
35294456
32194285
30602036
33338722
44781847
108032118
92515638
161486117
24098496
52537634
15755094
33874468
67580761
40567146
35551136
7201410
39444069
36184135
34461668
39009769
28627911
71729358
141871181
74720096
12382740
23213239
66678575
50543881
49135017
69671264
43696984
135209264
39321576
29302425
65960786
60114472
66687279
24458631
16954
25346844
48512305
44759043
156773177
68995594
58737741
98018205
36775085
73247559
76982440
36164349
137789297
34305040
101525441
28950133
150550417
108370037
22312958
32127188
26776509
127582775
5820191
90730773
24382918
34384434
25557243
44554509
29888556
26858816
33769500
33414947
59805572
29246653
107230044
101982925
30178525
36775802
34118551
53782768
144181254
9884911
48319873
136962432
60394803
163311832
141959356
27932995
25752703
35486195
32943546
25153764
70493648
73476
39728801
69275738
30666517
26419239
30316056
28458334
164141329
106084026
12353330
94869120
43879004
29832607
48940689
24713873
34378493
33494375
3001581
67088566
55662720
114086029
27211409
108468
49439086
147845620
206282151
72495085
28477986
23308460
36941068
33621085
42800749
87389803
12648877
147286578
25117353
27797026
75149440
31513532
105654239
138434668
93330757
23148107
54530371
19799369
40886007
1113556
40498005
31836774
133557306
39566948
29599237
47679753
41734504
29686754
45595714
46509740
41053835
29257027
120254617
17655824
25189523
116739007
29833734
40167434
22522055
24565142
112211940
41088245
32509740
78423275
66640066
45091870
32439535
30637940
47243607
31963425
72199240
23064236
34010064
32041317
32406744
26307864
73269468
15485470
51937527
152160690
62579072
67655918
88397640
23611958
13642660
34486229
66615303
194944166
25232578
29544671
39410028
40836944
23245066
29232545
30179569
52598206
25817269
43772432
161180646
179610428
72296316
41041067
123695926
73776762
186726568
33489538
149653328
35145657
31545597
31547740
28261334
30277672
92337511
117312010
125004421
105829519
112510789
136119979
35983383
101473197
124289949
25421850
30525261
5880263
34132059
23626127
25679656
52833601
22741624
48667496
184860963
48006306
31213187
92876084
93943373
27315475
36516005
86640238
51254145
35762179
41538339
75338985
31752409
26713492
36507793
126093223
135856652
35349905
30314549
84429649
38379853
75911485
145070272
37008294
39281167
16775977
346191
45441631
36047336
25554967
46117626
31076033
149500863
40335272
122682587
61421935
51189706
35364891
26614831
23243883
45571312
43688579
48946342
76048865
34491673
79525017
34715
133180305
45064245
165732681
29518065
24263942
24089576
104789106
32015300
4949059
9073074
105015964
45960892
116871226
109331971
32231484
42923159
16158946
18496184
142918020
142744083
119377097
23475118
65596623
72378974
37847984
56263398
177236306
56273797
103715686
162467774
68845717
191640088
114913332
40575907
58214856
36326284
76314525
29684347
74595166
152624627
154168174
126100310
86928613
29078047
24834832
23304496
107710327
27725748
24396213
61560900
162729615
130515799
174458888
48142002
34889014
40835481
97882810
32432151
19542789
28646177
113766658
31920990
7736865
275357
33080201
24299135
155464693
26030283
163452344
145800770
142582865
127661835
55072656
182875281
35113021
45739071
40800148
87499104
36008740
72514131
27460671
35061290
45938293
79483347
22741084
42072344
28761941
34168005
123675921
143031608
124002407
31805219
56169357
159858626
41807730
39153701
30559917
182781929
10175642
101436686
117065345
79138567
25858005
31872836
71474813
68319550
143177265
43973841
23546772
22142529
88245281
101965347
23530818
23390361
144037872
59245439
34483558
59411006
62398004
24199209
41818823
3477684
35486596
34298047
34607647
39966877
23433159
97147867
133726577
3113588
113071474
148211806
30598666
41814056
91674513
29369218
31428243
31636785
33393308
165838780
132178910
38818986
36659650
119320808
119359773
38744784
55264762
35486626
62122883
49075109
111403571
45023794
116496582
55623462
71822322
125048466
53424088
167127847
25336774
180547025
126899057
31057217
153164937
26669118
34451036
24136539
33159467
196816159
69563163
96591297
46521427
55156099
63012929
56918454
93235875
73484869
149846495
48868052
60154984
24421364
143120001
112996378
57536014
73598440
63758929
90983046
17568841
35555977
41813774
11982368
128176420
36959676
49468741
24313746
130640642
28129783
26127512
162146655
44601053
25813425
138011123
123915905
64980863
49063005
69634726
104866704
47597391
34229261
48618580
42307767
36030032
38462835
37773477
68229174
133668394
56419091
82103378
165599758
66602691
125770269
28261265
155590170
25380626
86973788
87153802
25533848
65662695
58526040
30447908
41774259
149950678
132928049
30936477
111152109
137571091
41827660
22751485
66750636
104227415
148230634
23170931
42370492
32477579
54799401
33301261
72918254
80314014
88851361
37948240
89540829
45608667
71820813
28556858
56048543
135275127
99464023
104375368
22079806
29905631
56645312
121071234
125327221
40316705
42092461
169553095
45172096
72985232
86218441
200958444
35850939
41813928
74382159
35076340
115167546
99295291
78388911
46619709
30532220
148289111
39488246
72605916
202213525
181939474
103027469
79098077
24834794
68114884
156344834
29231851
61817535
126988526
22222333
60957092
81422537
9693056
33598391
62580435
161397364
31112617
169451433
27532326
33445697
83515968
128350290
74404187
51812607
169835192
35285306
28122932
99126464
50334704
42879402
26578488
84205548
32131490
18255722
40529013
42109398
144625498
24390680
28293246
114341094
36859750
139486947
111162777
23758942
110857420
41768412
109933399
32486197
8722610
18464856
32615394
68171501
39111205
30558759
32922940
77843142
131382340
107019848
68895020
136588369
90937359
154306815
141352710
31866112
354372
167595229
41813993
39080597
53261322
29258893
104878172
179290945
23482909
44447442
29435908
125955865
4100014
130865967
51048597
35059398
42811897
2158488
132138125
34199707
27531145
31935454
28846625
76456136
69347719
96913110
139052365
163058008
97345737
109125388
34580489
144467092
162619391
23783750
36868476
58058397
26147450
29369324
62447452
54625306
105999460
134390109
39822792
135916383
37361976
25749497
34543413
46936573
147720339
118208730
4070797
29064821
26284064
72884889
76477496
113701085
22781583
10732770
40553536
184294775
41525215
166064320
59199907
45588871
31478728
59790294
179664673
19108948
26970810
60626247
36200261
42763042
132729641
101621324
41396644
25505149
38363244
27282844
143276111
86284414
133846520
64151692
56176916
29287308
78616012
19977823
73730654
126100569
28587219
38213334
127402283
114454317
24036559
36085261
88497493
124636304
47696395
19802817
45688121
51888238
21082539
186064869
59770945
44185119
64628087
50348171
28565318
122103467
187496359
37684434
126100393
48713061
122120776
151257260
65539551
27637181
26406986
136474608
83534755
33733027
47118092
20225241
37160097
190564528
97517105
39236729
29614963
173165484
58010960
46252034
49388164
96268023
63530169
185499790
27053161
30751873
187207803
76136416
96457590
48928605
37119411
68433088
29897737
59615751
85068814
38233726
125060751
142445132
75331219
33291029
146524089
30638367
150618202
152411051
127012432
23830580
113590406
135565283
143503361
4829
176864224
44934832
146092953
48210134
183990107
113086748
28772416
149126828
95564176
200645735
58342302
149467658
97845125
52599708
132837703
30953300
33924519
153228909
28981879
111587102
67363111
72375839
1980
102249748
136133720
41811107
23537466
40020627
42541008
36508616
123917748
172149046
85100484
98885822
88591121
4325149
39513007
46984808
23693281
63899474
34238786
30315369
160563246
159882
79096458
111869067
115689470
112709585
166884737
27179774
142989213
183293188
31022965
29760724
56790798
15413538
74375689
176968119
42311101
33134232
113866673
127451518
76746437
114885299
70638702
50554618
26217154
31234561
32375815
47551578
61912980
123861343
57409266
91933860
77988045
31516466
32151480
26544717
47923094
144329953
115330743
83815413
66931622
1415705
51126445
103815643
35915449
63655596
157341954
66814271
33073882
30487105
57559440
43116499
46598842
23011335
33538623
64094774
64382253
23378353
45613675
52905059
136699221
30428125
71239327
45317666
68609377
149094324
81456984
73756584
31579712
45432439
42292974
164723393
134121211
91431391
49591829
145510087
186780372
28878216
33283142
225666
13372007
47209885
138742149
24823541
134182185
48369111
32228890
19328401
116849953
173949329
114336959
49840023
181822208
123319349
91468670
46603834
165604219
34137285
16054118
96569964
93374656
74881655
121258913
193258751
135849070
46891492
35238813
136681261
28673372
31786047
89493
34802894
56647921
149964995
151016287
40323694
30360552
39441344
127090395
158560074
22866546
23629928
144853678
44952891
36318299
29689780
64078163
36348222
25771679
10362317
112651655
104433541
24365728
22746750
155153648
42689002
180275812
50911295
23688663
53616464
51696572
24099488
49266632
29843454
156197485
123720240
23486067
29103840
152992737
30328106
52426887
144181306
29995722
28256828
59971648
129584070
35217149
147633615
49592543
23408047
68218830
27121021
25240087
43169351
161184453
36785025
23863253
109349119
155483837
135731379
88350989
130641709
159450742
92172762
107140799
100550350
58691471
136255956
36361379
106679763
20845272
74006511
73319310
112257343
49388814
98808011
58666510
57844051
30823579
114396220
105736223
27477976
93441135
164101908
132565509
67988687
46172262
39669294
28854940
55512460
138816943
17842936
76040632
56079352
36736385
89850005
134832414
182719373
185959359
103605906
49380678
16824047
130271299
39399586
52922518
164967358
98202701
5260821
152285141
27060808
34981365
42025607
25089415
89030889
16108331
67490365
112510790
33788217
140837657
35114569
171938396
183554356
159204058
32286993
109481155
78273068
102961550
62576220
136546883
109964404
6827569
33850608
55155418
24036941
131621457
146125149
25171514
142655676
1163441
25397178
70841494
24086381
83415396
24946565
103695969
23553134
60203425
178973664
76628628
89842793
37196179
31038184
84926122
26800822
146917032
89301866
38290762
157889932
83040434
27794994
34308709
23337480
98075100
73662138
138383301
54365037
88640919
37316030
144495454
12637219
31613023
25201845
122723551
166099567
150709625
27543096
122149207
89991010
65974416
85620209
79831840
5425797
148278045
36018360
55378503
143975801
61896493
72865938
95543604
26581353
30538459
52230489
32328515
31862851
108531402
163646849
82706459
80136753
54566161
48413872
38119975
147029356
38889652
57882883
60841972
108985830
30145618
122552118
149401625
106381531
32169959
143369394
110924669
43901086
75115271
66420111
150626384
51258417
145037861
92597394
13572362
44409353
129146953
76867949
30975621
55404958
147889146
64392368
115335023
46596422
68016956
28362355
28139331
131346257
12818778
120977669
35887784
122560283
49597365
67779459
84875903
136394672
142541131
153194256
106277494
151324538
28528027
29842742
132707901
43184340
100617929
26211015
43600373
110547316
94532590
111526081
129440544
132990808
73011687
73272949
131101936
29823745
101209760
73831523
150226042
64274003
33842750
182873218
96050194
160650104
44674375
95470601
127217221
1237312
1421360
99101429
193675952
30318830
79258930
53280908
71600914
25192965
152232277
23497895
40103104
63328642
93859443
29440084
97902875
186242026
28043011
29094228
28799949
62902696
40232010
64534716
65047210
15199107
137793489
49064136
110880655
135395111
145016612
143246283
4511570
78515560
112199313
53759180
181685544
145603395
33880573
31577711
33404310
179244265
22628997
95345428
130698013
171746322
42903168
115037408
31157632
30738633
40762763
94158280
159908458
27429141
104332051
92581206
36648726
51194172
190779274
171296758
50765346
90253744
14897324
69273673
150603889
47131705
106418011
16945011
150417699
94824860
157645793
29115409
128033123
14784562
50308473
94560272
59345819
122503582
149279263
94010172
90715737
29439161
75671640
63906228
85608120
32178321
55157869
2960040
145447823
62018337
85014437
38629367
143813602
63858240
150100383
38634441
116312611
119412403
139496655
35519861
99436205
83935640
32858244
34350462
203343635
51890028
102627608
36545426
87442817
114038183
41887171
183779604
29348258
27725025
33592301
12348441
145102279
51080434
69660783
144592
140757439
86830443
63337812
39500620
75677090
152203062
24425532
23180464
195572091
34351337
1672730
23482802
28229175
111499611
75206705
159891336
62067277
97015440
19334776
68670236
114185163
133040232
50189302
35319314
72573739
61134563
131733427
140105161
108321657
29830876
123136213
24889880
132147085
117334304
58041291
32422548
43208313
36092580
32268250
103174100
71289490